! MOLECULE
[13C]O -- EMAA_DATASET_DOI: 10.17178/EMAA_(13C)O_Rotation_922483ff
! MOLECULAR WEIGHT
29.0
! NUMBER OF ENERGY LEVELS
   14 - ROTATION - Ref: CDMS (Nov. 2006) Müller et al. J. Mol. Struct. 742 215 (2005) https://doi.org/10.1016/j.molstruc.2005.01.027
! LEVEL | ENERGY [CM-1] | WEIGHT | J
      1        0.000000      2.0   0
      2        3.675922      6.0   1
      3       11.027630     10.0   2
      4       22.054858     14.0   3
      5       36.757201     18.0   4
      6       55.134124     22.0   5
      7       77.184955     26.0   6
      8      102.908889     30.0   7
      9      132.304985     34.0   8
     10      165.372172     38.0   9
     11      202.109240     42.0   10
     12      242.514848     46.0   11
     13      286.587520     50.0   12
     14      334.325647     54.0   13
! NUMBER OF RADIATIVE TRANSITIONS
13
! TRANS | UP  | LOW | A_ul [s-1] |   FREQ [GHz]  |  E_up [K]
      1    2      1    6.333e-08     110.2013543      5.289
      2    3      2    6.075e-07     220.3986842     15.866
      3    4      3    2.194e-06     330.5879653     31.732
      4    5      4    5.387e-06     440.7651735     52.885
      5    6      5    1.074e-05     550.9262851     79.326
      6    7      6    1.880e-05     661.0672766    111.052
      7    8      7    3.010e-05     771.1841250    148.063
      8    9      8    4.516e-05     881.2728080    190.357
      9   10      9    6.448e-05     991.3293050    237.934
     10   11     10    8.856e-05    1101.3495971    290.790
     11   12     11    1.178e-04    1211.3296612    348.925
     12   13     12    1.528e-04    1321.2654804    412.335
     13   14     13    1.938e-04    1431.1530374    481.020
! NUMBER OF COLLISION PARTNERS
    1
! COLLISIONS BETWEEN
2 [13C]O + para-H2 -- Ref: Dagdigian MNRAS 514 2214 (2022) https://doi.org/10.1093/mnras/stac1430
! NUMBER OF COLLISIONAL TRANSITIONS
91
! NUMBER OF TEMPERATURES
11
! TEMPERATURES
                           5.0      10.0      15.0      30.0      60.0     100.0     150.0     200.0     250.0     300.0     400.0
! TRANS | UP  | LOW | RATE COEFFICIENT [cm3.s-1]
      1     2     1   2.56e-11  2.61e-11  2.60e-11  2.64e-11  2.81e-11  2.95e-11  3.03e-11  3.06e-11  3.06e-11  3.06e-11  3.05e-11
      2     3     1   2.98e-11  3.09e-11  3.15e-11  3.26e-11  3.40e-11  3.53e-11  3.68e-11  3.84e-11  3.99e-11  4.13e-11  4.37e-11
      3     3     2   6.43e-11  5.96e-11  5.62e-11  5.09e-11  4.99e-11  5.26e-11  5.57e-11  5.79e-11  5.94e-11  6.05e-11  6.20e-11
      4     4     1   3.88e-12  4.08e-12  4.19e-12  4.70e-12  6.27e-12  8.30e-12  1.02e-11  1.16e-11  1.25e-11  1.32e-11  1.42e-11
      5     4     2   4.78e-11  5.08e-11  5.18e-11  5.26e-11  5.39e-11  5.58e-11  5.82e-11  6.08e-11  6.34e-11  6.59e-11  7.06e-11
      6     4     3   7.96e-11  6.76e-11  6.23e-11  5.61e-11  5.50e-11  5.81e-11  6.24e-11  6.59e-11  6.86e-11  7.07e-11  7.39e-11
      7     5     1   2.67e-12  2.98e-12  3.17e-12  3.58e-12  4.29e-12  5.00e-12  5.62e-12  6.14e-12  6.64e-12  7.15e-12  8.16e-12
      8     5     2   6.83e-12  7.84e-12  8.31e-12  9.41e-12  1.22e-11  1.62e-11  2.03e-11  2.35e-11  2.59e-11  2.78e-11  3.05e-11
      9     5     3   5.88e-11  6.28e-11  6.37e-11  6.33e-11  6.30e-11  6.40e-11  6.62e-11  6.89e-11  7.16e-11  7.43e-11  7.95e-11
     10     5     4   7.95e-11  7.22e-11  6.72e-11  6.01e-11  5.79e-11  6.04e-11  6.44e-11  6.80e-11  7.10e-11  7.34e-11  7.74e-11
     11     6     1   6.36e-13  7.80e-13  8.81e-13  1.13e-12  1.73e-12  2.66e-12  3.74e-12  4.65e-12  5.39e-12  6.00e-12  6.92e-12
     12     6     2   5.78e-12  5.94e-12  6.14e-12  6.67e-12  7.77e-12  9.04e-12  1.03e-11  1.13e-11  1.22e-11  1.32e-11  1.52e-11
     13     6     3   7.75e-12  1.00e-11  1.11e-11  1.27e-11  1.59e-11  2.02e-11  2.49e-11  2.87e-11  3.17e-11  3.41e-11  3.77e-11
     14     6     4   7.64e-11  7.66e-11  7.60e-11  7.30e-11  7.02e-11  6.98e-11  7.13e-11  7.38e-11  7.65e-11  7.93e-11  8.46e-11
     15     6     5   4.90e-11  6.07e-11  6.26e-11  6.07e-11  5.97e-11  6.19e-11  6.56e-11  6.89e-11  7.17e-11  7.42e-11  7.82e-11
     16     7     1   4.50e-13  4.61e-13  4.84e-13  5.72e-13  7.96e-13  1.10e-12  1.40e-12  1.63e-12  1.82e-12  2.00e-12  2.39e-12
     17     7     2   1.59e-12  1.77e-12  1.94e-12  2.40e-12  3.51e-12  5.29e-12  7.50e-12  9.44e-12  1.11e-11  1.25e-11  1.47e-11
     18     7     3   8.75e-12  8.64e-12  8.68e-12  8.99e-12  9.92e-12  1.11e-11  1.25e-11  1.37e-11  1.48e-11  1.60e-11  1.84e-11
     19     7     4   1.07e-11  1.30e-11  1.43e-11  1.63e-11  1.94e-11  2.35e-11  2.81e-11  3.19e-11  3.49e-11  3.74e-11  4.13e-11
     20     7     5   8.74e-11  8.74e-11  8.59e-11  8.11e-11  7.61e-11  7.43e-11  7.51e-11  7.73e-11  7.99e-11  8.27e-11  8.80e-11
     21     7     6   3.38e-11  5.11e-11  5.76e-11  6.10e-11  6.14e-11  6.37e-11  6.70e-11  7.00e-11  7.26e-11  7.48e-11  7.86e-11
     22     8     1   1.98e-13  2.09e-13  2.24e-13  2.81e-13  4.57e-13  7.84e-13  1.25e-12  1.70e-12  2.12e-12  2.48e-12  3.08e-12
     23     8     2   9.69e-13  9.78e-13  1.01e-12  1.15e-12  1.54e-12  2.13e-12  2.78e-12  3.31e-12  3.77e-12  4.19e-12  5.05e-12
     24     8     3   2.65e-12  2.81e-12  3.00e-12  3.53e-12  4.83e-12  6.90e-12  9.49e-12  1.18e-11  1.38e-11  1.56e-11  1.84e-11
     25     8     4   1.13e-11  1.12e-11  1.11e-11  1.12e-11  1.18e-11  1.28e-11  1.40e-11  1.52e-11  1.64e-11  1.78e-11  2.04e-11
     26     8     5   1.52e-11  1.69e-11  1.81e-11  2.01e-11  2.30e-11  2.69e-11  3.12e-11  3.48e-11  3.76e-11  4.00e-11  4.38e-11
     27     8     6   9.17e-11  9.37e-11  9.25e-11  8.70e-11  8.07e-11  7.79e-11  7.81e-11  7.99e-11  8.23e-11  8.50e-11  9.04e-11
     28     8     7   3.49e-11  4.90e-11  5.64e-11  6.23e-11  6.37e-11  6.58e-11  6.87e-11  7.14e-11  7.37e-11  7.58e-11  7.93e-11
     29     9     1   8.05e-14  8.34e-14  8.76e-14  1.07e-13  1.72e-13  2.91e-13  4.54e-13  6.04e-13  7.34e-13  8.47e-13  1.04e-12
     30     9     2   4.60e-13  4.77e-13  5.01e-13  6.06e-13  9.37e-13  1.57e-12  2.50e-12  3.45e-12  4.33e-12  5.13e-12  6.49e-12
     31     9     3   1.48e-12  1.48e-12  1.50e-12  1.64e-12  2.07e-12  2.73e-12  3.49e-12  4.16e-12  4.76e-12  5.34e-12  6.51e-12
     32     9     4   3.99e-12  4.11e-12  4.27e-12  4.82e-12  6.22e-12  8.42e-12  1.11e-11  1.36e-11  1.57e-11  1.76e-11  2.06e-11
     33     9     5   1.34e-11  1.34e-11  1.33e-11  1.31e-11  1.34e-11  1.42e-11  1.52e-11  1.63e-11  1.76e-11  1.90e-11  2.19e-11
     34     9     6   2.04e-11  2.15e-11  2.24e-11  2.42e-11  2.68e-11  3.04e-11  3.44e-11  3.76e-11  4.02e-11  4.24e-11  4.60e-11
     35     9     7   9.26e-11  9.66e-11  9.61e-11  9.09e-11  8.39e-11  8.05e-11  8.02e-11  8.18e-11  8.41e-11  8.67e-11  9.21e-11
     36     9     8   4.16e-11  5.18e-11  5.84e-11  6.48e-11  6.65e-11  6.82e-11  7.08e-11  7.32e-11  7.52e-11  7.71e-11  8.04e-11
     37    10     1   4.57e-14  4.80e-14  5.07e-14  6.33e-14  1.09e-13  2.10e-13  3.83e-13  5.80e-13  7.77e-13  9.64e-13  1.29e-12
     38    10     2   1.81e-13  1.86e-13  1.93e-13  2.29e-13  3.51e-13  5.85e-13  9.25e-13  1.26e-12  1.58e-12  1.86e-12  2.35e-12
     39    10     3   7.45e-13  7.64e-13  7.91e-13  9.18e-13  1.33e-12  2.10e-12  3.24e-12  4.39e-12  5.49e-12  6.49e-12  8.24e-12
     40    10     4   2.00e-12  2.01e-12  2.02e-12  2.15e-12  2.59e-12  3.26e-12  4.04e-12  4.73e-12  5.39e-12  6.03e-12  7.44e-12
     41    10     5   5.51e-12  5.60e-12  5.72e-12  6.25e-12  7.71e-12  9.99e-12  1.28e-11  1.52e-11  1.74e-11  1.93e-11  2.24e-11
     42    10     6   1.49e-11  1.51e-11  1.50e-11  1.47e-11  1.48e-11  1.54e-11  1.62e-11  1.72e-11  1.85e-11  1.98e-11  2.27e-11
     43    10     7   2.56e-11  2.63e-11  2.69e-11  2.83e-11  3.06e-11  3.39e-11  3.75e-11  4.04e-11  4.29e-11  4.49e-11  4.82e-11
     44    10     8   9.04e-11  9.59e-11  9.64e-11  9.24e-11  8.57e-11  8.21e-11  8.16e-11  8.30e-11  8.53e-11  8.78e-11  9.31e-11
     45    10     9   4.92e-11  5.68e-11  6.20e-11  6.79e-11  6.95e-11  7.09e-11  7.31e-11  7.51e-11  7.70e-11  7.87e-11  8.18e-11
     46    11     1   1.54e-14  1.67e-14  1.78e-14  2.24e-14  3.98e-14  8.03e-14  1.53e-13  2.37e-13  3.24e-13  4.07e-13  5.52e-13
     47    11     2   1.02e-13  1.08e-13  1.14e-13  1.38e-13  2.27e-13  4.25e-13  7.71e-13  1.18e-12  1.60e-12  2.02e-12  2.79e-12
     48    11     3   2.80e-13  2.92e-13  3.01e-13  3.45e-13  4.96e-13  7.83e-13  1.20e-12  1.63e-12  2.03e-12  2.42e-12  3.12e-12
     49    11     4   1.06e-12  1.10e-12  1.13e-12  1.28e-12  1.76e-12  2.64e-12  3.90e-12  5.17e-12  6.37e-12  7.49e-12  9.49e-12
     50    11     5   2.43e-12  2.50e-12  2.53e-12  2.65e-12  3.09e-12  3.76e-12  4.52e-12  5.20e-12  5.86e-12  6.52e-12  8.04e-12
     51    11     6   6.92e-12  7.13e-12  7.25e-12  7.75e-12  9.25e-12  1.16e-11  1.44e-11  1.69e-11  1.91e-11  2.09e-11  2.41e-11
     52    11     7   1.53e-11  1.60e-11  1.61e-11  1.59e-11  1.59e-11  1.63e-11  1.70e-11  1.79e-11  1.91e-11  2.03e-11  2.32e-11
     53    11     8   2.95e-11  3.07e-11  3.12e-11  3.22e-11  3.43e-11  3.72e-11  4.05e-11  4.33e-11  4.55e-11  4.74e-11  5.05e-11
     54    11     9   8.40e-11  9.19e-11  9.39e-11  9.18e-11  8.60e-11  8.26e-11  8.21e-11  8.35e-11  8.58e-11  8.83e-11  9.36e-11
     55    11    10   5.53e-11  6.23e-11  6.65e-11  7.15e-11  7.28e-11  7.39e-11  7.56e-11  7.73e-11  7.89e-11  8.03e-11  8.30e-11
     56    12     1   9.24e-15  9.93e-15  1.06e-14  1.34e-14  2.44e-14  5.32e-14  1.12e-13  1.89e-13  2.78e-13  3.73e-13  5.66e-13
     57    12     2   3.67e-14  3.87e-14  4.08e-14  4.97e-14  8.41e-14  1.65e-13  3.15e-13  4.97e-13  6.95e-13  8.95e-13  1.29e-12
     58    12     3   1.69e-13  1.76e-13  1.83e-13  2.15e-13  3.32e-13  5.85e-13  1.02e-12  1.52e-12  2.05e-12  2.58e-12  3.61e-12
     59    12     4   4.08e-13  4.17e-13  4.27e-13  4.76e-13  6.51e-13  9.75e-13  1.44e-12  1.90e-12  2.34e-12  2.77e-12  3.61e-12
     60    12     5   1.47e-12  1.50e-12  1.53e-12  1.69e-12  2.23e-12  3.20e-12  4.55e-12  5.89e-12  7.14e-12  8.29e-12  1.03e-11
     61    12     6   2.93e-12  2.98e-12  3.01e-12  3.13e-12  3.56e-12  4.22e-12  4.97e-12  5.64e-12  6.30e-12  7.01e-12  8.84e-12
     62    12     7   8.67e-12  8.82e-12  8.89e-12  9.32e-12  1.08e-11  1.32e-11  1.60e-11  1.85e-11  2.06e-11  2.24e-11  2.54e-11
     63    12     8   1.60e-11  1.66e-11  1.68e-11  1.67e-11  1.67e-11  1.70e-11  1.76e-11  1.86e-11  1.98e-11  2.12e-11  2.45e-11
     64    12     9   3.43e-11  3.53e-11  3.56e-11  3.62e-11  3.79e-11  4.06e-11  4.35e-11  4.59e-11  4.78e-11  4.94e-11  5.20e-11
     65    12    10   8.08e-11  8.81e-11  9.06e-11  8.99e-11  8.53e-11  8.25e-11  8.24e-11  8.40e-11  8.65e-11  8.93e-11  9.50e-11
     66    12    11   6.31e-11  6.93e-11  7.24e-11  7.59e-11  7.66e-11  7.71e-11  7.83e-11  7.96e-11  8.09e-11  8.22e-11  8.45e-11
     67    13     1   3.28e-15  3.57e-15  3.84e-15  4.93e-15  9.38e-15  2.17e-14  4.89e-14  8.79e-14  1.36e-13  1.92e-13  3.25e-13
     68    13     2   2.14e-14  2.29e-14  2.42e-14  2.99e-14  5.21e-14  1.09e-13  2.26e-13  3.84e-13  5.73e-13  7.84e-13  1.26e-12
     69    13     3   6.05e-14  6.34e-14  6.63e-14  7.85e-14  1.24e-13  2.29e-13  4.16e-13  6.45e-13  8.98e-13  1.16e-12  1.74e-12
     70    13     4   2.49e-13  2.59e-13  2.68e-13  3.07e-13  4.51e-13  7.51e-13  1.25e-12  1.81e-12  2.39e-12  2.97e-12  4.10e-12
     71    13     5   5.39e-13  5.52e-13  5.65e-13  6.21e-13  8.17e-13  1.17e-12  1.66e-12  2.14e-12  2.61e-12  3.07e-12  4.04e-12
     72    13     6   1.89e-12  1.93e-12  1.97e-12  2.13e-12  2.73e-12  3.77e-12  5.20e-12  6.57e-12  7.83e-12  8.97e-12  1.10e-11
     73    13     7   3.30e-12  3.38e-12  3.43e-12  3.57e-12  4.00e-12  4.64e-12  5.36e-12  6.02e-12  6.69e-12  7.47e-12  9.69e-12
     74    13     8   1.02e-11  1.04e-11  1.05e-11  1.09e-11  1.24e-11  1.48e-11  1.75e-11  1.99e-11  2.19e-11  2.36e-11  2.64e-11
     75    13     9   1.59e-11  1.67e-11  1.71e-11  1.72e-11  1.72e-11  1.75e-11  1.81e-11  1.90e-11  2.02e-11  2.17e-11  2.54e-11
     76    13    10   3.80e-11  3.94e-11  3.96e-11  3.97e-11  4.10e-11  4.35e-11  4.62e-11  4.84e-11  5.02e-11  5.17e-11  5.42e-11
     77    13    11   7.51e-11  8.26e-11  8.59e-11  8.71e-11  8.40e-11  8.18e-11  8.20e-11  8.38e-11  8.63e-11  8.91e-11  9.49e-11
     78    13    12   7.00e-11  7.64e-11  7.85e-11  7.96e-11  7.93e-11  7.96e-11  8.08e-11  8.23e-11  8.38e-11  8.53e-11  8.85e-11
     79    14     1   2.39e-15  2.28e-15  2.34e-15  2.86e-15  5.40e-15  1.31e-14  3.22e-14  6.29e-14  1.07e-13  1.66e-13  3.68e-13
     80    14     2   1.04e-14  9.72e-15  9.82e-15  1.16e-14  2.05e-14  4.58e-14  1.04e-13  1.91e-13  3.09e-13  4.62e-13  9.29e-13
     81    14     3   4.76e-14  4.38e-14  4.35e-14  4.92e-14  7.88e-14  1.55e-13  3.11e-13  5.25e-13  7.87e-13  1.10e-12  1.90e-12
     82    14     4   1.21e-13  1.10e-13  1.08e-13  1.17e-13  1.71e-13  2.98e-13  5.24e-13  8.01e-13  1.11e-12  1.44e-12  2.17e-12
     83    14     5   4.60e-13  4.14e-13  4.03e-13  4.28e-13  5.88e-13  9.38e-13  1.51e-12  2.17e-12  2.86e-12  3.55e-12  4.94e-12
     84    14     6   9.13e-13  8.13e-13  7.84e-13  8.03e-13  9.96e-13  1.38e-12  1.92e-12  2.45e-12  2.95e-12  3.43e-12  4.34e-12
     85    14     7   3.10e-12  2.76e-12  2.66e-12  2.70e-12  3.28e-12  4.41e-12  5.99e-12  7.54e-12  8.98e-12  1.03e-11  1.27e-11
     86    14     8   4.84e-12  4.34e-12  4.17e-12  4.10e-12  4.43e-12  5.04e-12  5.78e-12  6.44e-12  7.08e-12  7.76e-12  9.43e-12
     87    14     9   1.53e-11  1.37e-11  1.31e-11  1.28e-11  1.41e-11  1.65e-11  1.95e-11  2.21e-11  2.44e-11  2.64e-11  2.98e-11
     88    14    10   2.06e-11  1.90e-11  1.85e-11  1.79e-11  1.76e-11  1.77e-11  1.83e-11  1.92e-11  2.03e-11  2.16e-11  2.48e-11
     89    14    11   5.24e-11  4.79e-11  4.62e-11  4.44e-11  4.48e-11  4.70e-11  4.98e-11  5.22e-11  5.42e-11  5.59e-11  5.88e-11
     90    14    12   8.90e-11  8.60e-11  8.59e-11  8.49e-11  8.17e-11  8.01e-11  8.07e-11  8.29e-11  8.56e-11  8.85e-11  9.47e-11
     91    14    13   9.17e-11  8.86e-11  8.79e-11  8.65e-11  8.46e-11  8.40e-11  8.44e-11  8.52e-11  8.61e-11  8.70e-11  8.89e-11
